3635
313038
313132
313034
3937
3637
3834
3730
313233
3438
3534
3438
3937
313030
3537
3530
3532
3536
3537
3537
3532
3535
313030
3532
3439
3438
313030
3536
3537
3535
3532
3535
3532
3438
3535
3537
3939
3439
3532
3535
3535
313235
3635
313038
313132
313034
3937
3637
3834
3730
313233
3531
313031
3438
3532
3536
3535
3531
313032
3439
3439
3535
3537
313032
3438
313030
3535
3535
3535
3534
3535
3939
3937
313032
3534
313032
3535
3537
3532
3439
3534
3938
3531
313235
3635
313038
313132
313034
3937
3637
3834
3730
313233
3535
3537
313031
3938
3439
3938
313032
3534
3536
3535
3530
3536
3532
3533
3438
3536
3438
3533
3535
3532
3938
313031
313031
3530
313031
313030
3533
3534
3938
3536
3534
313030
313235
3635
313038
313132
313034
3937
3637
3834
3730
313233
3535
3939
3535
3532
3438
3537
313030
3938
3534
3533
313032
3536
313032
313032
3533
3938
313031
3939
3438
3535
3536
313032
313030
3438
3530
313030
3533
313030
313031
3536
313030
3532
313235
3635
313038
313132
313034
3937
3637
3834
3730
313233
3534
3533
3937
3537
3438
3438
3535
3438
3937
313030
3438
3537
313031
3537
3533
3532
3438
3531
313030
3532
3533
3532
3939
3438
313030
3439
3535
313031
313031
3439
3530
3938
313235
3635
313038
313132
313034
3937
3637
3834
3730
313233
3439
313030
313031
3532
3531
3532
3535
313031
3938
3533
313030
3939
313030
3938
3438
313032
3537
3937
313030
313030
313031
3938
3530
3535
3439
3535
3530
3533
3937
3533
3438
3534
313235
3635
313038
313132
313034
3937
3637
3834
3730
313233
3939
3937
3439
313032
3532
3937
3535
313030
313031
3532
3533
3537
3534
3537
3535
3537
3536
3532
3536
3531
3537
3535
3939
3939
3537
313030
3537
3535
313030
313031
3537
3939
313235
3635
313038
313132
313034
3937
3637
3834
3730
313233
3531
3533
3536
313030
3535
313030
3536
3537
3536
3530
3536
313030
313031
313030
3536
3438
3530
313032
3439
3530
3531
3535
3439
3535
3536
313032
313030
3537
3536
3532
3938
313030
313235
3635
313038
313132
313034
3937
3637
3834
3730
313233
3530
3533
3531
313032
3533
3537
3532
313031
3530
3533
313030
3939
313030
3439
3438
3533
3535
313030
3937
313032
3438
3536
3939
313032
3530
3534
3535
3533
3534
3439
3937
3537
313235
3635
313038
313132
313034
3937
3637
3834
3730
313233
3532
3533
3438
313031
3533
3534
3439
3530
3530
3937
3438
3534
3532
3531
313032
3532
3531
3533
3438
313032
3531
3439
3537
3530
3532
313031
3534
3532
3439
3530
3438
3535
313235
3635
313038
313132
313034
3937
3637
3834
3730
313233
3439
3537
313030
3939
3938
3530
3532
3939
3531
3537
3937
3937
3534
3438
313030
3937
3938
3537
3536
3537
313030
3439
3537
3530
3937
3438
313032
3533
3533
3530
3438
3536
313235
3635
313038
313132
313034
3937
3637
3834
3730
313233
3439
3939
3533
3937
3533
3531
3532
3937
313030
3535
3535
3536
3534
3937
3939
3532
313031
3938
3939
3939
3439
313030
3531
313031
3438
3939
3535
3530
3535
3534
313030
3938
313235
3635
313038
313132
313034
3937
3637
3834
3730
313233
3938
3530
3535
3535
3532
3532
3438
313032
3537
3534
3938
3533
3938
3534
313030
3937
3533
3530
313031
3533
3534
3939
3534
3532
3536
3938
313031
3530
313030
3534
3439
3537
313235
3635
313038
313132
313034
3937
3637
3834
3730
313233
313030
3532
313031
313030
313031
3536
3536
3439
3535
3939
3939
3534
3532
3937
313030
3532
3937
313031
313032
3533
313031
313032
3535
3537
3535
3439
3439
3439
3537
313030
3439
313031
313235
3635
313038
313132
313034
3937
3637
3834
3730
313233
313032
3939
3537
3537
3534
313030
313031
3530
3537
3533
3938
3533
3535
3533
313032
3537
3532
3937
3438
3536
3531
3536
313030
3439
3530
3439
3537
3939
3532
3439
3939
3937
313235
3635
313038
313132
313034
3937
3637
3834
3730
313233
3939
3536
3534
3438
313031
3531
313030
3533
313031
3535
3939
3939
313030
3533
3535
313032
3535
3535
3534
3439
313031
3438
3937
3534
3530
313030
3532
313032
313032
3534
3535
313030
313235
3635
313038
313132
313034
3937
3637
3834
3730
313233
3937
3534
3937
3439
313032
3531
3535
3937
3531
3530
3534
313031
3537
3536
313031
3939
313030
3530
3530
3536
3438
3535
3939
3438
3938
3439
3938
3530
313032
3532
3439
3939
313235
3635
313038
313132
313034
3937
3637
3834
3730
313233
313031
3439
3438
313031
3937
3535
3530
3533
3439
3937
3938
3537
3532
3438
3532
3533
3530
3532
3532
313032
3536
3938
3938
3536
313032
3938
3939
313032
3534
3537
3535
313032
313235
3635
313038
313132
313034
3937
3637
3834
3730
313233
3532
3530
3533
3531
3534
3439
3937
313030
3536
3939
3531
3537
3535
313032
3537
3938
313030
313031
3531
313031
313031
313032
3536
313032
3537
3530
3535
3535
3937
3532
3439
3535
313235
3635
313038
313132
313034
3937
3637
3834
3730
313233
3537
3534
3534
313030
3535
3439
3937
3938
3534
3532
3533
3937
3531
3531
313032
3439
313032
3937
3438
3531
3537
3530
313030
313032
313031
313031
313032
3535
3534
3531
3535
3530
313235
3635
313038
313132
313034
3937
3637
3834
3730
313233
313030
3536
3937
3533
313030
3938
3531
3937
3533
3938
3534
3939
3535
3438
3938
3439
3534
3530
3531
3938
313032
313030
3533
313031
3537
313030
313030
313032
313031
3937
3537
3937
313235
3635
313038
313132
313034
3937
3637
3834
3730
313233
3937
3536
3532
3938
313030
3937
3531
3533
3532
3534
3537
313031
313032
3531
313031
3438
3937
3533
313031
313032
313032
3438
3537
3531
3532
3533
3939
3938
3533
3536
3536
3530
313235
3635
313038
313132
313034
3937
3637
3834
3730
313233
3537
3533
3939
313030
3534
3531
3534
313031
313032
3939
3937
3938
3532
3532
3938
3530
313032
3533
3534
3939
313032
3536
3532
3537
313032
313032
3439
3530
313030
3531
3939
3534
313235
3635
313038
313132
313034
3937
3637
3834
3730
313233
3533
3937
3535
3530
3938
3533
3438
3535
3535
313031
3530
3532
3535
3534
3531
313031
3938
3937
3530
3535
3438
3939
3938
3537
3537
313031
3532
3939
3937
3532
3535
3439
313235
3635
313038
313132
313034
3937
3637
3834
3730
313233
3534
3535
3537
3938
